47
14
0 31 4 0
1 38 6 0
2 11 11 0
3 42 45 0
4 45 45 0
5 21 21 0
6 4 4 0
7 20 30 0
8 28 45 0
9 20 33 0
10 4 3 0
11 22 22 0
12 2 2 1
13 35 14 0
14 15 19 0
15 16 17 0
16 20 20 0
17 20 24 0
18 25 6 0
19 16 16 0
20 29 29 0
21 39 39 0
22 5 5 0
23 16 7 0
24 34 29 0
25 46 4 0
26 10 6 0
27 16 9 0
28 32 14 0
29 6 6 0
30 34 26 0
31 13 45 0
32 27 19 0
33 34 18 0
34 6 0 0
35 23 19 0
36 12 14 0
37 12 12 0
38 4 8 0
39 37 37 0
40 20 41 0
41 34 1 0
42 43 14 0
43 44 19 0
44 16 40 0
45 14 14 0
46 36 45 0
