72
63
0 63 53 0
1 63 63 0
2 26 23 0
3 64 36 0
4 38 56 0
5 6 63 0
6 27 10 0
7 23 32 0
8 63 54 0
9 37 22 0
10 19 19 0
11 64 9 0
12 41 22 0
13 40 23 0
14 45 33 0
15 5 1 0
16 38 11 0
17 38 48 0
18 45 19 0
19 38 38 0
20 8 1 0
21 45 61 0
22 23 23 0
23 1 1 0
24 30 23 0
25 49 10 0
26 1 59 0
27 45 17 0
28 38 66 0
29 12 64 0
30 1 65 0
31 23 34 0
32 47 1 0
33 38 29 0
34 57 1 0
35 60 10 0
36 13 22 0
37 23 71 0
38 64 64 0
39 45 16 0
40 46 1 0
41 23 20 0
42 7 22 0
43 39 10 0
44 68 22 0
45 38 58 0
46 63 43 0
47 63 35 0
48 64 69 0
49 45 28 0
50 31 22 0
51 24 22 0
52 64 50 0
53 14 10 0
54 55 10 0
55 45 4 0
56 64 51 0
57 62 63 0
58 44 64 0
59 25 63 0
60 45 70 0
61 38 52 0
62 18 10 1
63 18 10 0
64 22 22 0
65 63 67 0
66 42 64 0
67 21 10 0
68 23 15 0
69 2 22 0
70 38 3 0
71 0 1 0