79
34
0 27 55 0
1 34 62 0
2 19 34 0
3 37 58 0
4 50 55 0
5 63 71 0
6 56 13 0
7 29 13 0
8 24 24 0
9 63 47 0
10 51 18 0
11 8 64 0
12 34 7 0
13 26 26 0
14 66 37 0
15 22 55 0
16 8 25 0
17 51 74 0
18 37 4 0
19 69 13 0
20 51 75 0
21 2 24 0
22 8 28 0
23 67 67 0
24 34 34 0
25 72 24 0
26 51 51 0
27 61 8 0
28 43 24 0
29 63 41 0
30 8 54 0
31 35 55 0
32 76 76 1
33 32 32 0
34 60 13 0
35 59 8 0
36 78 13 0
37 55 55 0
38 34 52 0
39 37 15 0
40 51 14 0
41 51 39 0
42 48 48 0
43 32 34 0
44 42 42 0
45 65 37 0
46 9 13 0
47 51 73 0
48 33 33 0
49 8 21 0
50 68 8 0
51 37 37 0
52 53 13 0
53 63 40 0
54 77 24 0
55 8 8 0
56 63 20 0
57 46 34 0
58 11 55 0
59 24 12 0
60 63 26 0
61 24 57 0
62 5 13 0
63 51 45 0
64 38 24 0
65 49 55 0
66 16 55 0
67 44 44 0
68 1 24 0
69 63 17 0
70 30 55 0
71 51 3 0
72 34 6 0
73 70 37 0
74 37 0 0
75 37 31 0
76 23 23 0
77 34 36 0
78 63 10 0