72
54
0 60 60 0
1 0 56 0
2 0 42 0
3 1 4 0
4 0 0 0
5 65 16 0
6 16 16 0
7 0 48 0
8 16 35 0
9 17 0 0
10 30 64 0
11 57 54 0
12 60 33 0
13 30 11 0
14 0 20 0
15 25 4 0
16 47 47 0
17 60 59 0
18 47 3 0
19 30 62 0
20 60 19 0
21 70 8 0
22 47 40 0
23 47 68 0
24 67 16 0
25 12 48 0
26 21 54 0
27 28 54 0
28 50 6 0
29 69 4 0
30 54 54 0
31 32 54 0
32 70 37 0
33 63 30 0
34 30 26 0
35 61 47 0
36 70 51 0
37 18 16 0
38 43 54 0
39 14 4 0
40 9 4 0
41 29 47 0
42 60 10 0
43 24 6 0
44 30 38 0
45 60 58 0
46 70 53 0
47 4 4 0
48 60 34 0
49 47 55 0
50 23 41 0
51 22 16 0
52 60 44 0
53 49 16 0
54 70 6 0
55 66 4 0
56 60 13 0
57 70 5 0
58 30 27 0
59 30 31 0
60 30 30 0
61 2 4 0
62 46 54 0
63 71 54 0
64 36 54 0
65 39 47 0
66 45 0 0
67 47 15 0
68 7 4 0
69 0 52 0
70 23 16 0
71 70 6 1