54
31
0 10 31 0
1 31 22 0
2 31 47 0
3 9 31 0
4 15 31 0
5 21 31 0
6 16 31 0
7 24 31 0
8 31 35 0
9 31 46 0
10 11 31 0
11 31 37 0
12 31 20 0
13 51 31 0
14 43 31 0
15 31 30 0
16 52 31 0
17 4 31 0
18 23 31 0
19 50 31 0
20 8 31 0
21 18 31 0
22 53 31 0
23 38 31 0
24 2 31 0
25 31 17 0
26 34 31 0
27 31 25 0
28 31 26 0
29 19 31 0
30 31 40 0
31 41 31 0
32 31 0 0
33 31 1 0
34 27 31 0
35 31 36 0
36 7 31 0
37 14 31 0
38 37 31 0
39 31 32 0
40 29 31 0
41 31 28 0
42 31 45 0
43 5 31 1
44 31 12 0
45 44 31 0
46 39 31 0
47 31 6 0
48 31 49 0
49 33 31 0
50 48 31 0
51 42 31 0
52 31 3 0
53 31 13 0