105
77
0 35 81 0
1 17 51 0
2 18 18 0
3 39 39 0
4 25 25 0
5 58 81 0
6 16 46 0
7 2 91 0
8 87 77 0
9 21 21 0
10 34 77 0
11 13 53 0
12 93 5 0
13 56 78 0
14 102 102 0
15 93 32 0
16 86 86 0
17 19 19 0
18 56 57 0
19 56 15 0
20 8 81 0
21 99 53 0
22 88 88 0
23 7 27 0
24 96 53 0
25 56 40 0
26 43 43 0
27 91 91 0
28 96 96 0
29 72 102 0
30 63 81 0
31 90 81 0
32 54 81 0
33 93 59 0
34 80 80 0
35 104 77 0
36 75 77 0
37 29 14 0
38 82 81 0
39 43 53 0
40 93 74 0
41 84 69 0
42 88 88 1
43 56 12 0
44 37 37 0
45 55 55 0
46 86 53 0
47 51 51 0
48 99 99 0
49 28 24 0
50 56 67 0
51 19 53 0
52 23 23 0
53 56 56 0
54 52 77 0
55 100 3 0
56 93 93 0
57 93 65 0
58 44 77 0
59 10 81 0
60 93 38 0
61 89 101 0
62 95 95 0
63 42 77 0
64 93 30 0
65 76 81 0
66 68 62 0
67 93 20 0
68 4 95 0
69 11 11 0
70 93 0 0
71 46 46 0
72 50 50 0
73 48 21 0
74 36 81 0
75 98 98 0
76 22 77 0
77 66 66 0
78 93 31 0
79 94 53 0
80 49 85 0
81 77 77 0
82 83 77 0
83 41 41 0
84 92 11 0
85 24 24 0
86 56 64 0
87 61 61 0
88 6 71 0
89 103 79 0
90 45 77 0
91 18 53 0
92 13 13 0
93 81 81 0
94 56 33 0
95 25 53 0
96 56 70 0
97 1 47 0
98 73 9 0
99 56 60 0
100 26 39 0
101 79 79 0
102 50 53 0
103 94 94 0
104 97 97 0