108
65
0 87 76 0
1 83 5 0
2 73 39 0
3 73 32 0
4 18 5 0
5 43 43 0
6 1 74 0
7 17 5 0
8 20 20 0
9 51 51 0
10 31 76 0
11 73 71 0
12 22 22 0
13 30 76 0
14 93 74 0
15 73 37 0
16 78 76 0
17 43 2 0
18 43 55 0
19 4 74 0
20 101 101 0
21 81 81 0
22 25 74 0
23 9 9 0
24 43 15 0
25 46 5 0
26 19 19 0
27 6 6 0
28 57 57 0
29 73 54 0
30 92 33 0
31 96 33 0
32 28 16 0
33 65 65 0
34 79 76 0
35 44 44 0
36 60 60 0
37 36 82 0
38 99 67 0
39 8 50 0
40 101 33 0
41 85 5 0
42 77 77 0
43 73 73 0
44 104 74 0
45 51 33 0
46 43 66 0
47 43 62 0
48 92 92 0
49 89 34 0
50 40 76 0
51 105 105 0
52 27 33 0
53 41 74 1
54 95 13 0
55 73 38 0
56 43 29 0
57 12 12 0
58 42 0 0
59 73 90 0
60 27 27 0
61 76 76 0
62 73 58 0
63 75 33 0
64 97 5 0
65 102 74 0
66 73 49 0
67 63 76 0
68 43 11 0
69 73 70 0
70 86 10 0
71 23 88 0
72 94 94 0
73 61 61 0
74 5 5 0
75 106 106 0
76 33 33 0
77 26 26 0
78 12 33 0
79 94 33 0
80 103 74 0
81 35 35 0
82 52 76 0
83 43 3 0
84 75 75 0
85 43 69 0
86 91 91 0
87 26 33 0
88 45 76 0
89 72 72 0
90 21 98 0
91 96 96 0
92 14 14 0
93 47 5 0
94 107 107 0
95 48 48 0
96 53 53 0
97 43 59 0
98 100 76 0
99 84 84 0
100 35 33 0
101 80 80 0
102 68 5 0
103 56 5 0
104 24 5 0
105 7 74 0
106 64 74 0
107 41 74 0
46 36 45 0