67
19
0 44 39 0
1 55 22 0
2 44 23 0
3 61 20 0
4 57 57 0
5 17 40 0
6 61 61 0
7 13 5 0
8 53 57 0
9 33 4 0
10 54 19 0
11 30 57 0
12 42 22 0
13 40 40 0
14 61 9 0
15 59 40 0
16 6 14 0
17 62 19 0
18 37 4 0
19 43 31 0
20 0 11 0
21 1 31 0
22 61 52 0
23 13 51 0
24 7 57 0
25 19 58 0
26 6 35 0
27 36 40 0
28 4 24 0
29 61 41 0
30 13 64 0
31 6 6 0
32 6 29 0
33 44 46 0
34 40 10 0
35 61 60 0
36 19 63 0
37 56 57 0
38 65 31 0
39 13 27 0
40 19 19 0
41 0 50 0
42 18 61 0
43 6 22 0
44 66 13 0
45 13 34 0
46 15 27 0
47 49 40 0
48 19 38 0
49 21 19 0
50 45 57 0
51 36 48 0
52 0 4 0
53 47 13 0
54 16 31 0
55 61 28 0
56 5 13 0
57 13 13 0
58 32 31 0
59 19 62 0
60 2 8 0
61 4 4 0
62 12 31 1
63 26 31 0
64 40 17 0
65 6 3 0
66 25 40 0