79
76
0 5 26 0
1 62 31 0
2 19 31 0
3 59 36 0
4 5 48 0
5 46 46 0
6 44 71 0
7 21 5 0
8 44 43 0
9 44 50 0
10 18 57 0
11 76 29 0
12 46 64 0
13 46 11 0
14 63 36 0
15 66 66 0
16 23 23 0
17 57 73 0
18 4 36 0
19 9 69 0
20 13 5 0
21 22 46 0
22 76 2 0
23 38 38 0
24 46 49 0
25 44 44 0
26 61 46 0
27 9 54 0
28 55 46 0
29 27 31 0
30 45 36 0
31 25 25 0
32 34 46 0
33 9 60 0
34 53 76 0
35 9 78 0
36 5 5 0
37 9 65 0
38 51 51 1
39 57 30 0
40 15 15 0
41 37 31 0
42 9 8 0
43 57 72 0
44 57 57 0
45 5 32 0
46 76 76 0
47 36 7 0
48 68 46 0
49 76 41 0
50 74 57 0
51 52 52 0
52 40 40 0
53 33 31 0
54 44 39 0
55 77 76 0
56 47 57 0
57 36 36 0
58 42 31 0
59 12 5 0
60 44 75 0
61 58 76 0
62 9 6 0
63 5 24 0
64 38 76 0
65 44 56 0
66 16 16 0
67 9 25 0
68 76 1 0
69 44 17 0
70 5 28 0
71 57 3 0
72 70 36 0
73 0 36 0
74 20 36 0
75 57 14 0
76 67 31 0
77 35 31 0
78 44 10 0