87
37
0 29 61 0
1 37 69 0
2 37 20 0
3 65 42 0
4 56 61 0
5 28 28 0
6 71 79 0
7 62 14 0
8 31 14 0
9 25 25 0
10 71 52 0
11 57 19 0
12 9 72 0
13 37 8 0
14 27 27 0
15 74 42 0
16 61 23 0
17 26 9 0
18 57 82 0
19 4 42 0
20 77 14 0
21 57 83 0
22 25 2 0
23 9 30 0
24 57 75 0
25 37 37 0
26 25 80 0
27 57 57 0
28 38 38 0
29 9 68 0
30 25 48 0
31 71 46 0
32 60 9 0
33 61 40 0
34 84 14 0
35 37 63 0
36 63 63 0
37 67 14 0
38 39 39 0
39 54 54 0
40 9 66 0
41 86 14 0
42 61 61 0
43 37 58 0
44 16 42 0
45 57 15 0
46 57 44 0
47 53 9 0
48 37 34 0
49 61 47 0
50 73 42 0
51 10 14 0
52 57 81 0
53 25 35 0
54 36 36 0
55 22 9 0
56 76 9 0
57 42 42 0
58 59 14 0
59 71 45 0
60 85 25 0
61 9 9 0
62 71 21 0
63 70 70 1
64 51 37 0
65 12 61 0
66 25 13 0
67 71 27 0
68 25 64 0
69 6 14 0
70 5 5 0
71 57 50 0
72 43 25 0
73 55 61 0
74 17 61 0
75 49 42 0
76 25 1 0
77 71 18 0
78 32 61 0
79 57 3 0
80 7 37 0
81 78 42 0
82 0 42 0
83 33 42 0
84 71 24 0
85 37 41 0
86 71 11 0