55
24
0 16 24 0
1 27 20 0
2 52 52 0
3 17 17 0
4 13 13 0
5 42 42 0
6 17 47 0
7 42 33 0
8 41 41 1
9 51 22 0
10 22 30 0
11 12 5 0
12 42 1 0
13 2 2 0
14 48 48 0
15 27 35 0
16 31 5 0
17 24 24 0
18 3 28 0
19 17 45 0
20 38 50 0
21 37 17 0
22 3 3 0
23 22 36 0
24 7 5 0
25 44 33 0
26 46 50 0
27 50 9 0
28 53 17 0
29 23 50 0
30 3 6 0
31 42 15 0
32 54 5 0
33 27 39 0
34 3 21 0
35 10 50 0
36 3 19 0
37 24 11 0
38 18 22 0
39 50 50 0
40 27 29 0
41 14 14 0
42 39 39 0
43 25 5 0
44 39 26 0
45 24 8 0
46 22 34 0
47 24 43 0
48 4 4 0
49 0 17 0
50 22 22 0
51 3 49 0
52 8 8 0
53 32 24 0
54 42 40 0