79
67
0 5 26 0
1 67 62 0
2 19 67 0
3 36 59 0
4 48 20 0
5 46 13 0
6 25 71 0
7 21 20 0
8 25 43 0
9 25 25 0
10 50 18 0
11 67 67 0
12 64 13 0
13 11 11 0
14 36 63 0
15 66 66 0
16 23 23 0
17 50 74 0
18 4 75 0
19 69 9 0
20 13 13 0
21 13 22 0
22 2 11 0
23 72 72 0
24 49 13 0
25 50 50 0
26 61 13 0
27 54 9 0
28 25 44 0
29 46 55 0
30 27 67 0
31 45 75 0
32 34 13 0
33 60 9 0
34 53 11 0
35 78 9 0
36 5 20 0
37 65 9 0
38 67 51 0
39 50 31 0
40 15 15 0
41 37 67 0
42 8 9 0
43 50 73 0
44 50 57 0
45 5 32 0
46 11 30 0
47 36 7 0
48 68 13 0
49 11 41 0
50 75 75 0
51 52 52 1
52 40 40 0
53 67 33 0
54 25 39 0
55 77 11 0
56 50 47 0
57 36 75 0
58 42 67 0
59 20 12 0
60 25 76 0
61 58 11 0
62 6 9 0
63 24 20 0
64 38 11 0
65 25 56 0
66 16 16 0
67 28 9 0
68 1 30 0
69 25 17 0
70 29 20 0
71 50 3 0
72 51 51 0
73 70 75 0
74 0 75 0
75 20 20 0
76 50 14 0
77 35 67 0
78 25 10 0