63
50
0 46 46 0
1 55 42 0
2 16 12 0
3 32 46 0
4 9 9 0
5 59 29 0
6 21 12 0
7 0 15 0
8 28 28 0
9 40 40 0
10 49 27 0
11 51 12 0
12 0 0 0
13 22 0 0
14 24 11 0
15 46 5 0
16 41 0 0
17 24 56 0
18 4 4 0
19 29 61 0
20 29 53 0
21 0 39 0
22 19 46 0
23 55 30 0
24 12 12 0
25 44 0 0
26 55 38 0
27 38 38 0
28 58 58 0
29 50 50 0
30 24 6 0
31 12 25 0
32 29 60 0
33 62 27 0
34 18 18 0
35 50 52 0
36 55 14 0
37 1 27 0
38 24 24 0
39 43 46 0
40 8 8 0
41 57 46 0
42 24 2 0
43 29 47 0
44 20 46 0
45 13 12 0
46 29 29 0
47 50 58 0
48 24 31 0
49 55 17 0
50 26 27 0
51 3 0 0
52 36 27 0
53 50 10 0
54 23 27 0
55 24 45 0
56 7 12 0
57 35 29 0
58 34 34 1
59 37 50 0
60 50 54 0
61 50 33 0
62 55 48 0