223
29
0 205 89 0
1 62 155 0
2 118 110 0
3 176 41 0
4 100 41 0
5 29 143 0
6 155 11 0
7 204 202 0
8 42 29 0
9 60 210 0
10 151 16 0
11 115 16 0
12 146 41 0
13 204 145 0
14 204 186 0
15 205 190 0
16 29 29 0
17 220 127 0
18 29 12 0
19 204 137 0
20 112 155 0
21 60 136 0
22 50 205 0
23 60 149 0
24 204 142 0
25 27 27 0
26 29 197 0
27 128 128 0
28 207 41 0
29 14 41 0
30 170 121 0
31 205 102 0
32 188 155 0
33 91 127 0
34 118 127 0
35 16 138 0
36 60 33 0
37 69 16 0
38 29 169 0
39 60 106 0
40 205 114 0
41 204 204 0
42 174 41 0
43 205 47 0
44 218 218 0
45 60 57 0
46 173 127 0
47 37 54 0
48 199 41 0
49 56 41 0
50 155 183 0
51 204 39 0
52 35 155 0
53 16 209 0
54 16 38 0
55 66 66 0
56 204 36 0
57 87 127 0
58 92 121 0
59 29 158 0
60 127 127 0
61 208 16 0
62 16 165 0
63 44 44 0
64 155 195 0
65 30 127 0
66 25 25 0
67 37 125 0
68 217 41 0
69 29 203 0
70 96 41 0
71 29 48 0
72 1 205 0
73 69 111 0
74 204 98 0
75 37 53 0
76 124 41 0
77 59 16 0
78 16 214 0
79 80 29 0
80 101 41 0
81 40 127 0
82 60 140 0
83 90 127 0
84 204 135 0
85 37 147 0
86 204 93 0
87 64 75 0
88 24 41 0
89 37 78 0
90 205 161 0
91 205 67 0
92 155 120 0
93 60 211 0
94 182 155 0
95 20 205 0
96 204 21 0
97 68 29 0
98 60 206 0
99 16 79 0
100 204 175 0
101 204 9 0
102 77 155 0
103 60 177 0
104 118 181 0
105 194 127 0
106 43 127 0
107 116 127 0
108 16 184 0
109 29 4 0
110 32 205 0
111 29 70 0
112 16 162 0
113 60 46 0
114 37 10 0
115 29 28 0
116 205 141 0
117 119 34 0
118 205 121 0
119 127 178 0
120 139 16 0
121 37 155 0
122 127 15 0
123 16 109 0
124 204 132 0
125 16 198 0
126 204 168 0
127 205 205 0
128 63 63 0
129 60 187 0
130 126 41 0
131 196 155 0
132 60 83 0
133 218 29 0
134 191 29 0
135 60 65 0
136 0 127 0
137 60 212 0
138 167 29 0
139 29 88 0
140 58 127 0
141 37 193 0
142 122 34 0
143 216 41 0
144 205 85 0
145 60 150 0
146 204 156 0
147 185 16 0
148 7 41 0
149 172 72 0
150 172 127 0
151 3 29 0
152 60 17 0
153 213 121 0
154 201 41 0
155 16 16 0
156 60 107 0
157 86 41 0
158 192 41 0
159 205 180 0
160 155 215 0
161 73 155 0
162 29 154 0
163 221 41 0
164 60 81 0
165 29 130 0
166 155 99 0
167 189 41 0
168 60 2 0
169 19 41 0
170 155 179 0
171 74 41 0
172 205 75 0
173 52 121 0
174 204 117 0
175 60 104 0
176 204 82 0
177 159 127 0
178 205 160 0
179 97 16 0
180 37 108 0
181 6 205 0
182 71 16 0
183 16 18 0
184 76 29 0
185 163 29 0
186 60 34 0
187 31 127 0
188 134 16 0
189 204 164 0
190 155 123 0
191 51 41 0
192 204 45 0
193 16 133 0
194 205 94 0
195 8 16 0
196 5 16 0
197 84 41 0
198 29 171 0
199 204 23 0
200 60 105 0
201 204 152 0
202 60 222 0
203 13 41 0
204 60 60 0
205 155 155 0
206 118 22 0
207 204 103 0
208 29 148 0
209 157 29 0
210 153 127 0
211 118 219 0
212 118 95 0
213 61 155 0
214 49 29 0
215 16 26 0
216 204 113 0
217 204 200 0
218 55 55 1
219 166 205 0
220 131 121 0
221 204 129 0
222 144 127 0