79
67
0 20 26 0
1 67 62 0
2 19 67 0
3 75 59 0
4 48 20 0
5 46 13 0
6 25 71 0
7 21 20 0
8 25 43 0
9 25 25 0
10 57 18 0
11 67 67 0
12 64 13 0
13 11 11 0
14 75 63 0
15 66 66 0
16 23 23 0
17 57 74 0
18 4 75 0
19 69 9 0
20 13 13 0
21 22 13 0
22 2 11 0
23 72 72 0
24 49 13 0
25 50 50 0
26 13 61 0
27 54 9 0
28 25 44 0
29 55 13 0
30 67 27 0
31 75 45 0
32 13 34 0
33 60 9 0
34 53 11 0
35 78 9 0
36 5 20 0
37 65 9 0
38 51 67 0
39 57 31 0
40 15 15 0
41 37 67 0
42 8 9 0
43 57 73 0
44 57 50 0
45 32 20 0
46 11 30 0
47 75 7 0
48 13 68 0
49 41 11 0
50 75 75 0
51 52 52 1
52 40 40 0
53 67 33 0
54 25 39 0
55 77 11 0
56 57 47 0
57 75 36 0
58 42 67 0
59 12 20 0
60 25 76 0
61 58 11 0
62 6 9 0
63 24 20 0
64 11 38 0
65 25 56 0
66 16 16 0
67 28 9 0
68 1 11 0
69 25 17 0
70 20 29 0
71 57 3 0
72 51 51 0
73 70 75 0
74 0 75 0
75 20 20 0
76 57 14 0
77 67 35 0
78 25 10 0