71
12
0 25 25 0
1 2 47 0
2 46 18 0
3 12 19 0
4 18 34 0
5 11 40 0
6 40 40 0
7 2 21 0
8 24 40 0
9 6 6 0
10 66 28 0
11 44 47 0
12 54 64 0
13 1 60 0
14 56 40 0
15 65 65 0
16 6 14 0
17 6 69 0
18 66 66 0
19 63 63 1
20 6 5 0
21 18 22 0
22 3 66 0
23 48 18 0
24 2 42 0
25 58 58 0
26 51 64 0
27 9 30 0
28 26 12 0
29 43 40 0
30 6 8 0
31 33 18 0
32 57 64 0
33 50 66 0
34 66 70 0
35 9 20 0
36 61 64 0
37 12 59 0
38 6 29 0
39 9 16 0
40 47 47 0
41 36 12 0
42 18 49 0
43 2 31 0
44 46 10 0
45 7 40 0
46 66 37 0
47 18 18 0
48 66 41 0
49 66 53 0
50 12 32 0
51 9 38 0
52 6 45 0
53 67 12 0
54 9 17 0
55 19 19 0
56 2 4 0
57 9 68 0
58 55 55 0
59 39 64 0
60 23 47 0
61 9 52 0
62 27 64 0
63 15 15 0
64 9 9 0
65 0 0 0
66 12 12 0
67 35 64 0
68 6 13 0
69 1 40 0
70 12 62 0