119
42
0 36 36 0
1 42 59 0
2 4 4 0
3 95 54 0
4 95 95 0
5 75 4 0
6 84 21 0
7 4 20 0
8 2 73 0
9 89 89 0
10 97 97 0
11 84 31 0
12 28 4 0
13 51 58 0
14 46 58 0
15 91 4 0
16 95 60 0
17 4 70 0
18 10 111 0
19 90 4 0
20 95 96 0
21 2 12 0
22 84 88 0
23 80 58 0
24 62 86 0
25 66 66 1
26 17 2 0
27 2 19 0
28 95 32 0
29 71 58 0
30 4 109 0
31 2 15 0
32 94 86 0
33 92 86 0
34 84 116 0
35 103 58 0
36 25 25 0
37 1 86 0
38 84 52 0
39 87 2 0
40 84 26 0
41 84 8 0
42 105 58 0
43 86 110 0
44 95 33 0
45 42 14 0
46 10 11 0
47 50 86 0
48 10 6 0
49 44 4 0
50 42 13 0
51 10 41 0
52 49 2 0
53 86 45 0
54 55 86 0
55 77 42 0
56 76 42 0
57 67 2 0
58 10 10 0
59 98 58 0
60 86 56 0
61 42 35 0
62 79 42 0
63 9 9 0
64 117 58 0
65 3 4 0
66 63 63 0
67 4 114 0
68 10 34 0
69 16 4 0
70 95 47 0
71 10 115 0
72 2 65 0
73 82 4 0
74 42 100 0
75 106 95 0
76 112 58 0
77 68 58 0
78 84 39 0
79 99 58 0
80 10 22 0
81 84 27 0
82 24 95 0
83 107 42 0
84 2 69 0
85 84 57 0
86 42 42 0
87 4 104 0
88 2 30 0
89 118 118 0
90 108 95 0
91 43 95 0
92 42 64 0
93 7 2 0
94 25 42 0
95 86 86 0
96 86 83 0
97 2 2 0
98 10 78 0
99 10 85 0
100 18 58 0
101 84 97 0
102 61 86 0
103 10 40 0
104 102 95 0
105 10 101 0
106 74 86 0
107 48 58 0
108 86 113 0
109 37 95 0
110 29 42 0
111 84 93 0
112 10 38 0
113 23 42 0
114 95 53 0
115 84 72 0
116 5 2 0
117 10 81 0
118 0 0 0