63
50
0 46 46 0
1 55 42 0
2 16 13 0
3 46 32 0
4 9 9 0
5 29 59 0
6 12 21 0
7 15 0 0
8 28 28 0
9 40 40 0
10 49 27 0
11 51 13 0
12 0 0 0
13 22 0 0
14 24 11 0
15 5 19 0
16 41 0 0
17 24 56 0
18 4 4 0
19 61 29 0
20 53 29 0
21 39 0 0
22 46 19 0
23 55 30 0
24 12 12 0
25 44 0 0
26 55 38 0
27 55 55 0
28 58 58 0
29 50 50 0
30 24 6 0
31 25 13 0
32 60 29 0
33 62 27 0
34 18 18 0
35 50 52 0
36 55 14 0
37 1 27 0
38 24 45 0
39 46 43 0
40 8 8 0
41 46 57 0
42 24 2 0
43 47 29 0
44 20 46 0
45 12 13 0
46 29 29 0
47 58 50 0
48 24 31 0
49 55 17 0
50 26 27 0
51 3 0 0
52 36 27 0
53 50 10 0
54 23 27 0
55 24 24 0
56 12 7 0
57 29 35 0
58 34 34 1
59 37 50 0
60 50 54 0
61 33 50 0
62 55 48 0